#          omega_b,        omega_cdm,           b0_fld,           b1_fld,           b2_fld,     Omega_Lambda,               H0
 8.73624e-01	-3.97910e-02	 2.60974e-02	 1.38745e+00	 4.28256e-01	 6.68246e-02	 9.81186e-02	
-3.97910e-02	 1.90606e-03	-1.16518e-03	-6.55212e-02	-2.18336e-02	-3.24316e-03	-4.45510e-03	
 2.60974e-02	-1.16518e-03	 6.47639e-02	-4.02238e-01	 2.66564e-01	 3.13036e-04	-1.51958e-01	
 1.38745e+00	-6.55212e-02	-4.02238e-01	 6.19100e+00	-2.49344e+00	 1.19593e-01	 9.48307e-01	
 4.28256e-01	-2.18336e-02	 2.66564e-01	-2.49344e+00	 6.79594e+00	 3.41816e-02	-3.11993e-01	
 6.68246e-02	-3.24316e-03	 3.13036e-04	 1.19593e-01	 3.41816e-02	 5.62091e-03	 1.53379e-02	
 9.81186e-02	-4.45510e-03	-1.51958e-01	 9.48307e-01	-3.11993e-01	 1.53379e-02	 7.75351e-01	
