#               H0,          omega_b,        omega_cdm,              A_s,              n_s,         tau_reio,           b0_fld,           b1_fld,        Omega_fld
 6.53063e-01	 9.86932e-03	-6.49383e-04	-6.17184e-02	 6.77317e-03	-5.76997e-03	-5.30187e-02	 1.93531e-02	-1.66338e-04	
 9.86932e-03	 1.37436e-03	-1.32324e-05	-1.40698e-03	-2.25226e-04	-9.27370e-05	-6.88150e-04	-9.80761e-04	 3.57026e-04	
-6.49383e-04	-1.32324e-05	 1.79461e-05	 1.55313e-04	-5.19268e-05	 1.79414e-05	 7.99707e-05	-1.10473e-05	 3.01773e-05	
-6.17184e-02	-1.40698e-03	 1.55313e-04	 1.68453e-02	-1.12874e-03	 9.07465e-04	 5.95627e-03	-1.05501e-03	-3.66660e-04	
 6.77317e-03	-2.25226e-04	-5.19268e-05	-1.12874e-03	 3.97350e-04	-1.24717e-04	-8.41637e-04	 8.38244e-04	-2.50861e-04	
-5.76997e-03	-9.27370e-05	 1.79414e-05	 9.07465e-04	-1.24717e-04	 3.82329e-04	 4.02632e-04	-2.94803e-05	 2.84619e-05	
-5.30187e-02	-6.88150e-04	 7.99707e-05	 5.95627e-03	-8.41637e-04	 4.02632e-04	 5.91156e-03	-2.63426e-03	 1.72158e-04	
 1.93531e-02	-9.80761e-04	-1.10473e-05	-1.05501e-03	 8.38244e-04	-2.94803e-05	-2.63426e-03	 4.68558e-03	-6.86578e-04	
-1.66338e-04	 3.57026e-04	 3.01773e-05	-3.66660e-04	-2.50861e-04	 2.84619e-05	 1.72158e-04	-6.86578e-04	 5.04828e-04	
