#        Omega_cdm,          Omega_k,            alpha,             beta,                M,          Delta_M,          Omega_m,     Omega_Lambda
 9.25589e-03	-2.06518e-02	-1.81580e-05	 2.10395e-04	-3.56282e-04	 2.05468e-06	 9.25589e-03	 1.13959e-02	
-2.06518e-02	 5.25535e-02	 3.24214e-05	-9.43226e-04	 2.22771e-03	-1.39468e-04	-2.06518e-02	-3.19017e-02	
-1.81580e-05	 3.24214e-05	 4.02121e-05	-3.92940e-05	 1.71322e-05	-4.19883e-05	-1.81580e-05	-1.42634e-05	
 2.10395e-04	-9.43226e-04	-3.92940e-05	 6.28957e-03	 2.79582e-05	 5.94397e-05	 2.10395e-04	 7.32831e-04	
-3.56282e-04	 2.22771e-03	 1.71322e-05	 2.79582e-05	 6.34482e-04	-2.40710e-04	-3.56282e-04	-1.87143e-03	
 2.05468e-06	-1.39468e-04	-4.19883e-05	 5.94397e-05	-2.40710e-04	 5.80976e-04	 2.05467e-06	 1.37414e-04	
 9.25589e-03	-2.06518e-02	-1.81580e-05	 2.10395e-04	-3.56282e-04	 2.05467e-06	 9.25589e-03	 1.13959e-02	
 1.13959e-02	-3.19017e-02	-1.42634e-05	 7.32831e-04	-1.87143e-03	 1.37414e-04	 1.13959e-02	 2.05057e-02	
