#        Omega_cdm,            alpha,             beta,                M,          Delta_M,          Omega_m
 1.17845e-03	-2.08374e-05	-3.50355e-04	 5.23860e-04	-2.03458e-05	 1.17845e-03	
-2.08374e-05	 4.29418e-05	-3.48837e-05	 7.70011e-06	-3.86304e-05	-2.08374e-05	
-3.50355e-04	-3.48837e-05	 6.62616e-03	-5.08675e-06	-2.22383e-05	-3.50355e-04	
 5.23860e-04	 7.70011e-06	-5.08675e-06	 5.30854e-04	-2.02928e-04	 5.23860e-04	
-2.03458e-05	-3.86304e-05	-2.22383e-05	-2.02928e-04	 5.35515e-04	-2.03458e-05	
 1.17845e-03	-2.08374e-05	-3.50355e-04	 5.23860e-04	-2.03458e-05	 1.17845e-03	
