#               H0,          omega_b,        omega_cdm,              A_s,         tau_reio,           w0_fld,           wa_fld,        Omega_fld
 2.27299e+02	-1.31817e+00	 4.34503e-02	-9.71192e+00	-1.06087e-01	-3.62274e+01	-3.83283e+01	 2.09355e+00	
-1.31817e+00	 5.09666e-01	-2.06022e-02	-2.18940e-01	 1.28662e-01	 7.71558e-01	 4.48501e-01	 9.64487e-03	
 4.34503e-02	-2.06022e-02	 8.92607e-04	 5.57459e-03	-5.22365e-03	-2.91584e-02	-1.75449e-02	-4.61756e-04	
-9.71192e+00	-2.18940e-01	 5.57459e-03	 1.40352e+02	-4.80767e-01	-7.46975e+00	-1.79507e+01	-3.01846e-01	
-1.06087e-01	 1.28662e-01	-5.22365e-03	-4.80767e-01	 1.03152e-01	 2.44811e-01	 6.56386e-02	 2.85048e-03	
-3.62274e+01	 7.71558e-01	-2.91584e-02	-7.46975e+00	 2.44811e-01	 1.07534e+01	 7.37680e+00	-3.24751e-01	
-3.83283e+01	 4.48501e-01	-1.75449e-02	-1.79507e+01	 6.56386e-02	 7.37680e+00	 1.93443e+01	-1.87376e-01	
 2.09355e+00	 9.64487e-03	-4.61756e-04	-3.01846e-01	 2.85048e-03	-3.24751e-01	-1.87376e-01	 5.82179e-02	
