#          omega_b,        omega_cdm,           b0_fld,           b1_fld,     Omega_Lambda,               H0
 7.06642e-01	-3.31983e-02	 6.72322e-02	 7.59549e-01	 5.56877e-02	-1.79455e-02	
-3.31983e-02	 1.78321e-03	-3.40933e-03	-4.10084e-02	-3.09385e-03	 6.32493e-04	
 6.72322e-02	-3.40933e-03	 3.84975e-02	-8.32352e-02	 4.75931e-03	-9.76244e-02	
 7.59549e-01	-4.10084e-02	-8.32352e-02	 2.05537e+00	 7.51494e-02	 3.27483e-01	
 5.56877e-02	-3.09385e-03	 4.75931e-03	 7.51494e-02	 5.48695e-03	 6.02013e-03	
-1.79455e-02	 6.32493e-04	-9.76244e-02	 3.27483e-01	 6.02013e-03	 6.50665e-01	
