#               H0,          omega_b,        omega_cdm,              A_s,              n_s,         tau_reio,           w0_fld,           wa_fld,        Omega_fld
 2.89561e-01	 3.82810e-02	-2.72259e-03	 6.64125e-03	 7.31696e-03	 6.37049e-07	-1.00902e-01	 3.74867e-02	 1.02880e-02	
 3.82810e-02	 2.83575e-02	-5.17411e-04	 1.17377e-02	 4.20163e-03	 1.55620e-03	-3.41724e-02	 1.48195e-03	-6.53889e-03	
-2.72259e-03	-5.17411e-04	 2.02020e-04	-2.07851e-05	-2.07779e-04	-5.89831e-05	 4.58244e-03	-2.58675e-03	-1.18675e-03	
 6.64125e-03	 1.17377e-02	-2.07851e-05	 1.58990e+00	-3.71094e-02	-1.05025e-02	 3.58089e-01	-1.28607e-01	-6.71757e-03	
 7.31696e-03	 4.20163e-03	-2.07779e-04	-3.71094e-02	 4.12800e-03	 3.25784e-03	-2.00406e-02	 8.10264e-03	 4.63226e-04	
 6.37049e-07	 1.55620e-03	-5.89831e-05	-1.05025e-02	 3.25784e-03	 1.90353e-02	-2.35249e-02	-1.18608e-02	-5.53121e-04	
-1.00902e-01	-3.41724e-02	 4.58244e-03	 3.58089e-01	-2.00406e-02	-2.35249e-02	 5.06493e-01	-1.16996e-01	-2.52179e-02	
 3.74867e-02	 1.48195e-03	-2.58675e-03	-1.28607e-01	 8.10264e-03	-1.18608e-02	-1.16996e-01	 2.84110e-01	 2.05349e-02	
 1.02880e-02	-6.53889e-03	-1.18675e-03	-6.71757e-03	 4.63226e-04	-5.53121e-04	-2.52179e-02	 2.05349e-02	 1.44703e-02	
