#               H0,          omega_b,        omega_cdm,              A_s,              n_s,         tau_reio,           w0_fld,           wa_fld,        Omega_fld
 6.26321e-01	 5.13298e-03	-3.03408e-02	-4.20225e-01	-1.00026e-01	-2.85568e-03	-1.08847e-01	-5.72012e-01	 2.89582e-01	
 5.13298e-03	 1.33540e-01	 8.89653e-03	-2.07456e-01	 6.26015e-02	 2.67321e-02	 3.16437e-01	 3.03858e-01	-1.41953e-01	
-3.03408e-02	 8.89653e-03	 2.88797e-03	 1.70424e-02	 1.16319e-02	 1.87210e-03	 3.10908e-02	 6.31202e-02	-3.08398e-02	
-4.20225e-01	-2.07456e-01	 1.70424e-02	 4.10643e+02	 2.63992e+00	-2.48014e-01	-4.46820e+01	 6.78818e+01	-5.58962e-02	
-1.00026e-01	 6.26015e-02	 1.16319e-02	 2.63992e+00	 1.18935e+00	 1.75584e-02	 2.79869e+00	 9.21161e+00	-1.35100e-01	
-2.85568e-03	 2.67321e-02	 1.87210e-03	-2.48014e-01	 1.75584e-02	 4.51935e-02	-7.71297e-03	 8.89179e-02	-2.95881e-02	
-1.08847e-01	 3.16437e-01	 3.10908e-02	-4.46820e+01	 2.79869e+00	-7.71297e-03	 1.12129e+02	 1.62475e+01	-4.08794e-01	
-5.72012e-01	 3.03858e-01	 6.31202e-02	 6.78818e+01	 9.21161e+00	 8.89179e-02	 1.62475e+01	 1.30366e+02	-7.12824e-01	
 2.89582e-01	-1.41953e-01	-3.08398e-02	-5.58962e-02	-1.35100e-01	-2.95881e-02	-4.08794e-01	-7.12824e-01	 3.55135e-01	
