#          omega_b,        omega_cdm,           b0_fld,           b1_fld,     Omega_Lambda,               H0
 8.87548e-02	-3.57445e-03	 1.86185e-02	 1.85681e-02	 5.62577e-03	-9.94458e-03	
-3.57445e-03	 1.99284e-04	-6.97547e-04	-1.45812e-03	-3.42146e-04	 5.52706e-04	
 1.86185e-02	-6.97547e-04	 1.32929e-02	-2.44765e-02	 6.58761e-04	-4.69928e-02	
 1.85681e-02	-1.45812e-03	-2.44765e-02	 1.90989e-01	 3.25241e-03	 6.22736e-02	
 5.62577e-03	-3.42146e-04	 6.58761e-04	 3.25241e-03	 6.38736e-04	 3.47240e-03	
-9.94458e-03	 5.52706e-04	-4.69928e-02	 6.22736e-02	 3.47240e-03	 4.84529e-01	
