#        Omega_cdm,            alpha,             beta,                M,          Delta_M,          Omega_m
 1.10414e-03	-1.78600e-05	-7.44473e-04	 4.36040e-04	-1.01784e-04	 1.10414e-03	
-1.78600e-05	 2.88327e-05	-5.11478e-05	 6.85155e-07	-1.23805e-05	-1.78600e-05	
-7.44473e-04	-5.11478e-05	 6.88256e-03	 2.88713e-05	-1.69282e-04	-7.44473e-04	
 4.36040e-04	 6.85155e-07	 2.88713e-05	 4.36920e-04	-1.49608e-04	 4.36040e-04	
-1.01784e-04	-1.23805e-05	-1.69282e-04	-1.49608e-04	 4.04797e-04	-1.01784e-04	
 1.10414e-03	-1.78600e-05	-7.44473e-04	 4.36040e-04	-1.01784e-04	 1.10414e-03	
