#          omega_b,        omega_cdm,              A_s,              n_s,         tau_reio,           b0_fld,           b1_fld,           b2_fld,     Omega_Lambda,           z_reio,               H0,           sigma8
 3.05486e-04	-1.31373e-05	 2.41818e-04	 2.31037e-05	 6.70953e-05	-1.85022e-04	 2.15391e-03	 8.86120e-04	 2.45730e-05	 4.80334e-03	 3.50919e-04	-8.54536e-05	
-1.31373e-05	 3.03727e-06	-3.46289e-05	-6.43323e-06	-1.14470e-05	 3.92489e-05	-3.06688e-04	-2.42248e-04	-6.68078e-06	-9.11989e-04	-5.64469e-05	 1.55782e-05	
 2.41818e-04	-3.46289e-05	 5.58846e-03	 9.05192e-05	 1.29567e-03	-1.05826e-03	 6.93919e-03	 8.79029e-04	 8.72458e-05	 1.13128e-01	 2.08155e-03	 8.07596e-04	
 2.31037e-05	-6.43323e-06	 9.05192e-05	 1.99029e-05	 2.94897e-05	-8.41340e-05	 6.48500e-04	 5.43305e-04	 1.40795e-05	 2.40580e-03	 9.99215e-05	-2.80149e-05	
 6.70953e-05	-1.14470e-05	 1.29567e-03	 2.94897e-05	 3.05453e-04	-2.84270e-04	 1.91413e-03	 4.86795e-04	 2.76982e-05	 2.66041e-02	 5.31888e-04	 1.63411e-04	
-1.85022e-04	 3.92489e-05	-1.05826e-03	-8.41340e-05	-2.84270e-04	 2.95886e-02	-1.41513e-01	 8.26434e-02	-9.11804e-04	-2.37735e-02	-9.45651e-02	-7.57228e-04	
 2.15391e-03	-3.06688e-04	 6.93919e-03	 6.48500e-04	 1.91413e-03	-1.41513e-01	 9.73465e-01	-7.77155e-01	 3.07004e-03	 1.52826e-01	 2.79044e-01	 2.32704e-03	
 8.86120e-04	-2.42248e-04	 8.79029e-04	 5.43305e-04	 4.86795e-04	 8.26434e-02	-7.77155e-01	 8.53887e-01	-6.37142e-04	 4.16839e-02	-1.27663e-01	-4.18749e-03	
 2.45730e-05	-6.68078e-06	 8.72458e-05	 1.40795e-05	 2.76982e-05	-9.11804e-04	 3.07004e-03	-6.37142e-04	 6.27682e-05	 2.24627e-03	 5.57685e-03	 1.64816e-05	
 4.80334e-03	-9.11989e-04	 1.13128e-01	 2.40580e-03	 2.66041e-02	-2.37735e-02	 1.52826e-01	 4.16839e-02	 2.24627e-03	 2.32924e+00	 4.54258e-02	 1.50155e-02	
 3.50919e-04	-5.64469e-05	 2.08155e-03	 9.99215e-05	 5.31888e-04	-9.45651e-02	 2.79044e-01	-1.27663e-01	 5.57685e-03	 4.54258e-02	 6.21427e-01	 5.42664e-03	
-8.54536e-05	 1.55782e-05	 8.07596e-04	-2.80149e-05	 1.63411e-04	-7.57228e-04	 2.32704e-03	-4.18749e-03	 1.64816e-05	 1.50155e-02	 5.42664e-03	 3.25936e-04	
